7 7 7 7 7 7 7 7 7 7 7 7 7 7 7 7 7 7 7 7 7 7 7 7 7 7 7 7 7 7
7 7 7 7 0 0 0 0 0 0 0 0 0 0 0 0 0 0 0 0 0 0 0 0 0 7 7 7 7 7
7 7 7 7 0 1 0 1 0 1 0 1 0 1 0 1 0 1 0 1 0 1 0 1 0 7 7 7 7 7
7 7 7 7 0 0 0 0 0 0 0 0 0 0 0 0 0 0 0 0 0 0 0 0 0 7 7 7 7 7
7 7 7 7 0 0 0 0 0 0 2 3 2 3 2 3 2 3 0 0 0 0 0 0 0 7 7 7 7 7
7 7 7 7 0 0 0 0 0 0 4 5 4 5 4 5 4 5 0 0 0 0 0 0 0 7 7 7 7 7
7 7 7 7 0 0 0 0 0 0 2 6 0 0 0 0 2 3 0 0 0 0 0 0 0 7 7 7 7 7
7 7 7 7 0 0 0 0 0 0 6 5 0 0 0 0 4 5 0 0 0 0 0 0 0 7 7 7 7 7
7 7 7 7 0 0 0 0 0 0 2 6 6 6 6 6 2 3 0 0 0 0 0 0 0 7 7 7 7 7
7 7 7 7 0 0 0 0 0 0 4 5 4 5 4 5 4 5 0 0 0 0 0 0 0 7 7 7 7 7
7 7 7 7 0 0 0 0 0 0 2 6 0 0 0 0 2 3 0 0 0 0 0 0 0 7 7 7 7 7
7 7 7 7 0 0 0 0 0 0 4 5 0 0 0 0 6 5 0 0 0 0 0 0 0 7 7 7 7 7
7 7 7 7 0 0 0 0 0 0 2 6 2 6 2 6 2 3 0 0 0 0 0 0 0 7 7 7 7 7
7 7 7 7 0 0 0 0 0 0 4 5 4 5 4 5 4 5 0 0 0 0 0 0 0 7 7 7 7 7
7 7 7 7 0 0 0 0 0 0 0 0 0 0 0 0 0 0 0 0 0 0 0 0 0 7 7 7 7 7
7 7 7 7 7 7 7 7 7 7 7 7 7 8 8 7 7 7 7 7 7 7 7 7 7 7 7 7 7 7