0 0 0 0 0 0 0 0 0 0 0 0 0 0 0 0 0 0 0 0 0 0 0 0 0 0 0 0 0 0
0 0 0 0 0 0 0 0 0 0 0 2 2 0 11 11 0 2 2 0 0 0 0 0 0 0 0 0 0 0
0 0 0 0 0 0 0 0 0 0 9 1 1 1 1 1 1 1 1 6 0 0 0 0 0 0 0 0 0 0
0 0 0 0 0 0 0 0 0 9 1 1 1 1 1 1 1 1 1 1 6 0 0 0 0 0 0 0 0 0
0 0 0 0 0 0 0 0 5 1 1 1 1 1 1 1 1 1 1 1 1 3 0 0 0 0 0 0 0 0
0 0 0 0 0 0 0 0 5 1 1 1 1 1 1 1 1 1 1 1 1 3 0 0 0 0 0 0 0 0
0 0 0 0 0 0 0 0 0 1 1 1 1 1 1 1 1 1 1 1 1 0 0 0 0 0 0 0 0 0
0 0 0 0 0 0 0 0 11 1 1 1 1 1 1 1 1 1 1 1 1 11 0 0 0 0 0 0 0 0
0 0 0 0 0 0 0 0 11 1 1 1 1 1 1 1 1 1 1 1 1 11 0 0 0 0 0 0 0 0
0 0 0 0 0 0 0 0 0 1 1 1 1 1 1 1 1 1 1 1 1 0 0 0 0 0 0 0 0 0
0 0 0 0 0 0 0 0 5 1 1 1 1 1 1 1 1 1 1 1 1 3 0 0 0 0 0 0 0 0
0 0 0 0 0 0 0 0 5 1 1 1 1 1 1 1 1 1 1 1 1 3 0 0 0 0 0 0 0 0
0 0 0 0 0 0 0 0 0 8 1 1 1 1 1 1 1 1 1 1 7 0 0 0 0 0 0 0 0 0 
0 0 0 0 0 0 0 0 0 0 8 1 1 1 1 1 1 1 1 7 0 0 0 0 0 0 0 0 0 0
0 0 0 0 0 0 0 0 0 0 0 4 4 0 11 11 0 4 4 0 0 0 0 0 0 0 0 0 0 0
0 0 0 0 0 0 0 0 0 0 0 0 0 10 10 10 10 0 0 0 0 0 0 0 0 0 0 0 0 0